0.15618
[[ 3.32368997e-04]
 [ 8.56697400e-06]
 [ 1.47265975e-09]
 [ 8.56697400e-06]
 [ 1.48421282e-01]
 [-4.48200794e-10]
 [ 1.47265975e-09]
 [-4.48200794e-10]
 [ 1.48435858e-01]]
[[3.3655e-01]
 [1.0000e-05]
 [0.0000e+00]]
0.03126
[[ 1.47036148e-04]
 [ 1.15163148e-08]
 [-7.28717210e-05]
 [ 1.15163148e-08]
 [ 4.06515168e-01]
 [-0.00000000e+00]
 [-7.28717210e-05]
 [-0.00000000e+00]
 [ 4.06448357e-01]]
[[ 6.3709e-01]
 [-0.0000e+00]
 [-1.1000e-04]]
0.02228
[[ 1.10927738e-04]
 [-7.27823160e-05]
 [ 7.63016158e-09]
 [-7.27823160e-05]
 [ 4.98311700e-01]
 [ 4.48833034e-10]
 [ 7.63016158e-09]
 [ 4.48833034e-10]
 [ 4.98368509e-01]]
[[ 7.0537e-01]
 [-1.0000e-04]
 [ 0.0000e+00]]
0.02457
[[ 1.47572609e-03]
 [-2.72679284e-04]
 [-2.03665792e-02]
 [-2.72679284e-04]
 [ 6.19937230e-01]
 [ 4.25274725e-06]
 [-2.03665792e-02]
 [ 4.25274725e-06]
 [ 6.18507299e-01]]
[[ 7.8566e-01]
 [-3.5000e-04]
 [-2.4760e-02]]
0.00663
[[ 6.53615385e-04]
 [ 3.18291101e-04]
 [-1.90101900e-02]
 [ 3.18291101e-04]
 [ 6.23075946e-01]
 [-8.69381599e-06]
 [-1.90101900e-02]
 [-8.69381599e-06]
 [ 6.22488756e-01]]
[[ 7.8919e-01]
 [ 4.0000e-04]
 [-2.4120e-02]]
